1000434.txt;5;2;5;2;1;5;4;2.7426060899999998;high
1000545.txt;3;1;5;3;5;5;2;2.09027108;high
1006488.txt;3;1;5;2;5;5;4;2.27856239;high
1009747.txt;2;2;5;3;5;4;1;1.3667723100000002;low
1011962.txt;2;0;5;2;3;5;1;1.7473146800000001;low
1017099.txt;2;0;3;3;5;5;2;1.59317839;low
1021965.txt;3;1;5;4;3;5;1;1.83647431;low
10229.txt;1;0;5;5;5;5;1;1.1711018600000003;low
102695.txt;2;1;5;5;5;5;3;1.5319080700000003;low
1034191.txt;3;1;5;4;5;3;3;1.98206395;low
1034797.txt;3;1;5;3;3;5;2;1.9722975999999999;low
1038651.txt;3;1;5;4;3;1;5;1.8917066299999998;low
1039104.txt;2;2;5;3;4;4;3;1.41272161;low
1045808.txt;1;0;5;4;5;5;2;1.30692515;low
104767.txt;1;0;5;5;5;5;2;1.22356988;low
1051940.txt;2;2;5;4;5;5;1;1.3220769800000003;low
1055820.txt;4;1;5;3;3;4;2;2.3777581499999996;high
1063915.txt;3;2;5;4;2;5;2;1.64170527;low
1068953.txt;5;5;5;4;3;5;3;2.07665005;low
1069410.txt;3;2;5;3;3;5;3;1.8365153;low
1075554.txt;2;1;5;4;4;5;2;1.50380858;low
1075905.txt;3;1;3;3;5;5;4;1.9539846;low
1080849.txt;3;0;5;4;4;5;5;2.29358345;high
1083455.txt;3;1;3;3;3;5;1;1.67860706;low
1085090.txt;4;2;5;1;2;5;3;2.38835959;high
1091720.txt;3;0;5;2;3;5;4;2.34883923;high
1092969.txt;3;0;5;2;4;5;2;2.30288993;high
1105047.txt;3;0;3;3;4;4;4;2.04458824;low
1105962.txt;2;1;5;4;3;5;2;1.4448218400000001;low
1113031.txt;2;1;5;4;4;5;2;1.50380858;low
1113660.txt;3;1;5;0;4;5;2;2.2813501499999997;high
1114907.txt;2;2;5;4;4;5;1;1.2630902400000001;low
111601.txt;3;1;5;4;5;5;2;2.00691581;low
1126144.txt;4;1;5;4;3;5;1;2.2805947999999994;high
1131331.txt;3;1;5;1;5;5;3;2.30944964;high
1134794.txt;2;2;5;3;3;5;3;1.39239481;low
1140045.txt;3;1;1;3;5;5;3;1.66029406;low
1140289.txt;3;1;5;3;1;5;4;1.95926016;low
1142608.txt;2;0;5;4;5;5;2;1.75104564;low
1143052.txt;4;2;5;2;4;3;3;2.3456579200000003;high
1143655.txt;2;1;5;4;5;5;3;1.6152633400000003;low
114502.txt;3;1;5;4;4;5;2;1.9479290699999998;low
1149147.txt;3;1;5;4;5;5;2;2.00691581;low
1156395.txt;2;0;3;4;4;5;1;1.39836836;low
115956.txt;3;1;5;2;4;5;3;2.16710763;high
1165743.txt;3;1;5;2;5;5;3;2.22609437;high
1167441.txt;3;1;5;3;5;5;2;2.09027108;high
1168591.txt;3;1;5;-1;5;5;4;2.5286281999999995;high
1169824.txt;2;0;5;4;3;5;1;1.5806041400000002;low
1173379.txt;2;0;5;4;5;5;2;1.75104564;low
